6300 0000 0000 0000 0003 0000 0040 0000
0073 aa00 0000 6400 0064 0100 6c00 006d
0100 5a01 0001 6400 0064 0200 6c02 005a
0200 6400 0064 0200 6c03 005a 0300 6400
0064 0300 6c00 006d 0400 5a04 006d 0500
5a05 0001 6400 0064 0400 6c06 006d 0700
5a07 0001 6400 0064 0200 6c08 006a 0900
5a0a 0064 0000 6402 006c 0b00 5a0b 0064
0000 6402 006c 0c00 5a0c 0064 0000 6402
006c 0d00 5a0d 0064 0500 6600 0064 0600
8400 0083 0000 595a 0e00 6407 0084 0000
5a0f 0064 0800 8400 005a 1000 6402 0053
2809 0000 0069 ffff ffff 2801 0000 0074
0400 0000 636d 6473 4e28 0200 0000 7408
0000 004f 7065 6e4d 6179 6174 0c00 0000
4f70 656e 4d61 7961 416e 696d 2801 0000
0074 0b00 0000 4f72 6465 7265 6444 6963
7474 1000 0000 6661 6369 6361 6c53 646b
4d6f 6475 6c65 6300 0000 0000 0000 0002
0000 0042 0000 0073 ca01 0000 6500 005a
0100 6400 0084 0000 5a02 0064 0100 8400
005a 0300 6402 0084 0000 5a04 0064 0300
8400 005a 0500 6404 0084 0000 5a06 0064
0500 8400 005a 0700 6406 0084 0000 5a08
0064 0700 8400 005a 0900 6408 0084 0000
5a0a 0064 0900 8400 005a 0b00 640a 0084
0000 5a0c 0064 0b00 8400 005a 0d00 640c
0084 0000 5a0e 0064 0d00 8400 005a 0f00
640e 0084 0000 5a10 0064 0f00 8400 005a
1100 6410 0084 0000 5a12 0064 1100 8400
005a 1300 6432 0064 1200 8401 005a 1500
6413 0084 0000 5a16 0064 1400 8400 005a
1700 6415 0084 0000 5a18 0064 1600 8400
005a 1900 6417 0084 0000 5a1a 0064 1800
8400 005a 1b00 6419 0084 0000 5a1c 0064
1a00 8400 005a 1d00 641b 0084 0000 5a1e
0064 1c00 8400 005a 1f00 641d 0084 0000
5a20 0064 1e00 8400 005a 2100 641f 0084
0000 5a22 0064 2000 8400 005a 2300 6421
0084 0000 5a24 0064 2200 8400 005a 2500
6423 0084 0000 5a26 0064 2400 8400 005a
2700 6425 0084 0000 5a28 0064 2600 6427
0084 0100 5a29 0064 3200 6428 0084 0100
5a2a 0064 2900 8400 005a 2b00 642a 0084
0000 5a2c 0064 2b00 8400 005a 2d00 642c
0084 0000 5a2e 0064 2d00 8400 005a 2f00
642e 0084 0000 5a30 0064 2f00 8400 005a
3100 6430 0084 0000 5a32 0064 3100 8400
005a 3300 5253 2833 0000 0063 0200 0000
0200 0000 0600 0000 4300 0000 734c 0000
007c 0100 7c00 005f 0000 6400 007c 0000
5f02 0064 0000 7c00 005f 0300 6401 0064
0200 6403 0064 0400 6405 0064 0600 6706
007c 0000 5f04 0064 0000 7c00 005f 0500
6400 007c 0000 5f06 0064 0000 5328 0700
0000 4e74 0200 0000 7478 7402 0000 0074
7974 0200 0000 747a 7402 0000 0072 7874
0200 0000 7279 7402 0000 0072 7a28 0700
0000 7408 0000 0072 6f6f 7450 6174 6874
0400 0000 4e6f 6e65 740b 0000 0063 6f70
7953 646b 4461 7461 740c 0000 0063 6f70
7950 6f73 654c 6973 7474 0b00 0000 6174
7472 5374 724c 6973 7474 0900 0000 7774
4d61 7044 6174 6174 0d00 0000 734d 6169
6e50 6f73 654c 6973 7428 0200 0000 7404
0000 0073 656c 6652 0b00 0000 2800 0000
0028 0000 0000 7308 0000 003c 7374 7269
6e67 3e74 0800 0000 5f5f 696e 6974 5f5f
0c00 0000 730c 0000 0000 0109 0109 0109
011b 0109 0163 0100 0000 0100 0000 0100
0000 4300 0000 730e 0000 007c 0000 6a00
0083 0000 0164 0000 5328 0100 0000 4e28
0100 0000 7416 0000 006c 6f61 6444 7269
7665 7241 7474 724c 6973 7454 6f55 4928
0100 0000 5212 0000 0028 0000 0000 2800
0000 0073 0800 0000 3c73 7472 696e 673e
7407 0000 0073 6574 7570 5549 1400 0000
7302 0000 0000 0163 0100 0000 0100 0000
0100 0000 4300 0000 7304 0000 0064 0100
5328 0200 0000 4e74 1200 0000 6661 6365
6369 616c 5f6a 6f69 6e74 5f67 7270 2800
0000 0028 0100 0000 5212 0000 0028 0000
0000 2800 0000 0073 0800 0000 3c73 7472
696e 673e 740b 0000 0067 6574 4a6f 696e
7447 7270 1700 0000 7302 0000 0000 0163
0100 0000 0200 0000 0200 0000 4300 0000
731d 0000 0064 0100 7d01 0074 0000 6a01
007c 0100 8301 0073 1900 6400 0053 7c01
0053 2802 0000 004e 7410 0000 0066 6163
6563 6961 6c5f 7269 675f 6772 7028 0300
0000 5200 0000 0074 0900 0000 6f62 6a45
7869 7374 7352 0c00 0000 2802 0000 0052
1200 0000 7406 0000 0072 6967 4772 7028
0000 0000 2800 0000 0073 0800 0000 3c73
7472 696e 673e 7409 0000 0067 6574 5269
6747 7270 1a00 0000 7308 0000 0000 0106
010f 0104 0163 0100 0000 0300 0000 0200
0000 4300 0000 7329 0000 007c 0000 6a00
0083 0000 7d01 0064 0100 7d02 0074 0100
6a02 007c 0200 8301 0073 2500 6400 0053
7c02 0053 2802 0000 004e 7411 0000 0066
6163 6563 6961 6c5f 6374 726c 5f67 7270
2804 0000 0052 1b00 0000 5200 0000 0052
1900 0000 520c 0000 0028 0300 0000 5212
0000 0052 1a00 0000 7407 0000 0063 7472
6c47 7270 2800 0000 0028 0000 0000 7308
0000 003c 7374 7269 6e67 3e74 0a00 0000
6765 7443 7472 6c47 7270 2000 0000 730a
0000 0000 010c 0106 010f 0104 0163 0100
0000 0300 0000 0500 0000 4300 0000 7357
0000 007c 0000 6a00 0083 0000 7d01 0064
0100 7d02 0074 0100 6a02 007c 0200 8301
0073 5300 7401 006a 0300 6402 007c 0200
6403 0064 0400 8300 0201 7c01 0072 5300
7401 006a 0400 7c02 007c 0100 8302 0001
7153 006e 0000 7c02 0053 2805 0000 004e
7413 0000 0066 6163 6563 6961 6c5f 7364
6b5f 6861 6e64 6c65 7401 0000 006e 7402
0000 0065 6d69 0100 0000 2805 0000 0052
1b00 0000 5200 0000 0052 1900 0000 7405
0000 0067 726f 7570 7406 0000 0070 6172
656e 7428 0300 0000 5212 0000 0052 1a00
0000 7409 0000 0073 646b 4861 6e64 6c65
2800 0000 0028 0000 0000 7308 0000 003c
7374 7269 6e67 3e74 0c00 0000 6765 7453
646b 4861 6e64 6c65 2700 0000 730e 0000
0000 010c 0106 010f 0116 0106 0116 0163
0100 0000 0600 0000 0800 0000 4300 0000
739b 0000 0079 1000 7c00 006a 0000 8300
007d 0100 576e 0800 0101 0167 0000 5358
7401 006a 0200 7c01 0064 0100 6402 0064
0300 7403 0064 0400 6405 0083 0103 7d02
0067 0000 7d03 007c 0200 7297 0078 4c00
7c02 0044 5d41 007d 0400 7401 006a 0200
7c04 0064 0600 6402 0064 0300 6402 0083
0102 6407 0019 7d05 007c 0500 7c03 006b
0700 724f 007c 0300 6a04 007c 0500 8301
0001 714f 0071 4f00 576e 0000 7c03 0053
2808 0000 004e 7402 0000 0061 6469 0100
0000 7402 0000 0070 6174 0300 0000 7479
7074 0a00 0000 6e75 7262 7343 7572 7665
7401 0000 0070 6900 0000 0028 0500 0000
521e 0000 0052 0000 0000 740d 0000 006c
6973 7452 656c 6174 6976 6573 7404 0000
0054 7275 6574 0600 0000 6170 7065 6e64
2806 0000 0052 1200 0000 521d 0000 0074
0c00 0000 616c 6c53 6861 7065 4c69 7374
7408 0000 0063 7472 6c4c 6973 7474 0100
0000 6974 0900 0000 7472 616e 7366 6f72
6d28 0000 0000 2800 0000 0073 0800 0000
3c73 7472 696e 673e 740b 0000 0067 6574
4374 726c 4c69 7374 3000 0000 7318 0000
0000 0103 0110 0103 0105 0121 0106 0106
010d 011f 010c 0117 0163 0200 0000 0200
0000 0300 0000 4300 0000 7315 0000 0074
0000 6a01 0064 0100 7c01 0016 8301 0001
6400 0053 2802 0000 004e 730c 0000 0077
6172 6e69 6e67 2022 2573 2228 0200 0000
7402 0000 006d 6d74 0400 0000 6576 616c
2802 0000 0052 1200 0000 7404 0000 0077
5374 7228 0000 0000 2800 0000 0073 0800
0000 3c73 7472 696e 673e 740b 0000 0073
6464 5f77 6172 6e69 6e67 3e00 0000 7302
0000 0000 0163 0100 0000 0400 0000 1b00
0000 4300 0000 7371 0200 0074 0000 6a01
0064 0100 6402 0064 0300 6404 0064 0300
8301 027d 0100 7402 007c 0100 6f40 0074
0300 7c01 0064 0500 196a 0400 6406 0083
0100 8301 0064 0300 6b02 0083 0100 7d02
0074 0000 6a05 0064 0200 7406 0083 0001
7d03 0074 0000 6a07 0064 0700 6408 007c
0300 6409 0064 0a00 640b 0064 0c00 8301
0301 7400 006a 0800 640d 0064 0e00 8300
0101 7400 006a 0900 640f 0064 1000 6411
0064 1200 6413 0064 1400 8300 0301 7400
006a 0a00 8300 0001 7400 006a 0b00 6415
0064 0f00 6416 0064 1100 6417 0064 1800
7406 0064 1900 7c00 006a 0c00 8301 0401
7400 006a 0b00 641a 0064 0f00 6416 0064
1100 641b 0064 1c00 7c02 0064 1900 7c00
006a 0c00 8301 0401 7400 006a 0d00 641d
0064 0800 6407 0064 1e00 6403 0064 1000
6702 0064 1100 641f 0083 0103 0174 0000
6a0e 0064 2000 6408 0064 0700 641c 0074
0f00 641e 0064 0300 6410 0067 0200 6701
0064 2100 7406 0064 1100 6422 0064 2300
6424 0064 2500 6405 0064 2600 640a 0064
2700 640c 0064 2800 6410 0064 2900 7c00
006a 1000 6419 007c 0000 6a10 0083 010c
0174 0000 6a11 0064 2a00 6408 007c 0300
6409 0064 2b00 6411 0064 2c00 642d 007c
0000 6a12 0083 0104 0174 0000 6a11 0064
2e00 6408 007c 0300 6409 0064 2b00 6411
0064 2f00 642d 007c 0000 6a13 0083 0104
0174 0000 6a14 007c 0300 6430 0064 0300
6431 0064 3200 6433 0064 0c00 6703 0064
3200 6434 0064 0500 6703 0064 3200 6414
0064 0500 6703 0064 3500 6434 0064 0c00
6703 0064 3500 6436 0064 0c00 6703 0064
3700 6414 0064 0c00 6703 0064 3700 6436
0064 0c00 6703 0067 0700 6438 0064 3700
6434 0064 0c00 6435 0067 0400 6701 0064
3900 6435 0064 1400 6405 0064 1000 6704
0067 0100 8301 0401 6400 0053 283a 0000
004e 7415 0000 0073 646b 4472 6976 6572
4174 7472 4c69 7374 5f66 726e 7401 0000
0071 6901 0000 0074 0200 0000 7369 6900
0000 0074 0200 0000 5f5f 740e 0000 006e
7364 6b4d 6169 6e43 4c5f 6672 6e52 2a00
0000 7401 0000 0068 6964 0000 0074 0200
0000 7273 6905 0000 0074 0200 0000 6e63
6904 0000 0074 0100 0000 7769 3200 0000
7401 0000 006c 7305 0000 0054 7970 653a
7402 0000 0061 6c74 0500 0000 7269 6768
7474 1100 0000 6e53 646b 5479 704e 6577
5242 475f 6672 6e69 6e00 0000 7307 0000
004e 6577 2053 444b 7402 0000 0073 6c74
0200 0000 6363 7410 0000 006e 5364 6b54
7970 496e 5242 475f 6672 6e73 0a00 0000
496e 2d42 6574 7765 656e 7402 0000 0065
6e74 0f00 0000 6e53 646b 4e61 6d65 5446
475f 6672 6e74 0200 0000 6377 7305 0000
004e 616d 653a 7411 0000 006e 496e 4265
7477 6565 6e49 5347 5f66 726e 7401 0000
0066 7307 0000 0057 6569 6768 743a 7402
0000 0065 6c74 0100 0000 2574 0300 0000
6d69 6e74 0300 0000 6d61 7874 0200 0000
7373 7401 0000 0076 7402 0000 0064 6374
0c00 0000 6e43 7265 6174 6542 5f66 726e
691e 0000 0074 0600 0000 4372 6561 7465
7401 0000 0063 740c 0000 006e 4361 6e63
656c 425f 6672 6e74 0600 0000 4361 6e63
656c 7401 0000 0065 7402 0000 0061 6675
0e00 0000 6e73 646b 4d61 696e 434c 5f66
726e 7403 0000 0074 6f70 7404 0000 006c
6566 7475 0c00 0000 6e43 7265 6174 6542
5f66 726e 7406 0000 0062 6f74 746f 6d75
0c00 0000 6e43 616e 6365 6c42 5f66 726e
7402 0000 0061 6374 0200 0000 6170 2815
0000 0052 0000 0000 740e 0000 0074 6578
7453 6372 6f6c 6c4c 6973 7474 0400 0000
626f 6f6c 7403 0000 006c 656e 7405 0000
0073 706c 6974 7409 0000 0073 6574 5061
7265 6e74 522c 0000 0074 0c00 0000 636f
6c75 6d6e 4c61 796f 7574 7409 0000 0072
6f77 4c61 796f 7574 7404 0000 0074 6578
7474 0f00 0000 7261 6469 6f43 6f6c 6c65
6374 696f 6e74 0b00 0000 7261 6469 6f42
7574 746f 6e74 1200 0000 6e65 7753 646b
5549 5479 7065 4368 616e 6765 740c 0000
0074 6578 7446 6965 6c64 4772 7074 0c00
0000 696e 7453 6c69 6465 7247 7270 7405
0000 0046 616c 7365 7417 0000 006e 6577
496e 4265 7477 6565 6e56 616c 7565 4368
616e 6765 7406 0000 0062 7574 746f 6e74
1000 0000 6372 6561 7465 4275 7474 6f6e
5072 6f63 7410 0000 0063 616e 6365 6c42
7574 746f 6e50 726f 6374 0a00 0000 666f
726d 4c61 796f 7574 2804 0000 0052 1200
0000 7404 0000 0073 656c 4974 0e00 0000
6973 4361 6e49 6e42 6574 7765 656e 7404
0000 0066 6f72 6d28 0000 0000 2800 0000
0073 0800 0000 3c73 7472 696e 673e 740f
0000 006e 6577 4472 6976 6572 4174 7472
5549 4200 0000 731c 0000 0000 011b 012b
0112 011f 0110 011c 010a 0128 0128 0125
0164 0128 0128 0163 0100 0000 0300 0000
0600 0000 4700 0000 737e 0000 0074 0000
6a01 0064 0100 6402 0064 0300 6404 0064
0300 8301 027d 0200 7400 006a 0200 6405
0064 0600 6403 0064 0700 7c02 0083 0102
0174 0000 6a03 0064 0800 6406 0064 0300
6409 007c 0200 0c83 0102 017c 0200 7270
0074 0000 6a02 0064 0500 6406 0064 0300
640a 0064 0b00 8301 0201 6e0a 007c 0000
6a04 0083 0000 0164 0000 5328 0c00 0000
4e52 4300 0000 5238 0000 0069 0100 0000
5244 0000 0052 4800 0000 5258 0000 0074
0200 0000 6564 524a 0000 0052 4700 0000
5205 0000 0074 0000 0000 2805 0000 0052
0000 0000 5268 0000 0052 6a00 0000 526b
0000 0052 6d00 0000 2803 0000 0052 1200
0000 7404 0000 0061 7267 7352 2800 0000
2800 0000 0028 0000 0000 7308 0000 003c
7374 7269 6e67 3e52 6900 0000 5300 0000
730c 0000 0000 011b 0119 011a 0106 011c
0263 0100 0000 0400 0000 0800 0000 4700
0000 736f 0000 0074 0000 6a01 0064 0100
6402 0064 0300 6404 0064 0300 8301 027d
0200 7c02 0064 0000 6b02 0072 2b00 6400
0053 7400 006a 0300 6405 0064 0200 6403
0064 0600 6403 0083 0102 7d03 0074 0000
6a04 0064 0700 6408 0064 0300 6409 007c
0200 640a 0019 640b 007c 0300 1617 8301
0201 6400 0053 280c 0000 004e 5237 0000
0052 3800 0000 6901 0000 0052 3900 0000
524a 0000 0052 5100 0000 5248 0000 0052
5800 0000 5205 0000 0069 0000 0000 7304
0000 005f 5f25 7328 0500 0000 5200 0000
0052 5f00 0000 520c 0000 0000 52 6b00 0000
526a 0000 0028 0400 0000 5212 0000 0052
7800 0000 5272 0000 0074 0300 0000 7661
6c28 0000 0000 2800 0000 0073 0800 0000
3c73 7472 696e 673e 526d 0000 005b 0000
0073 0a00 0000 0001 1b01 0c01 0401 1b01
